@SimRank
>>Graph 1
1 [[1. 0. 0. 0. 0. 0.]
 [0. 1. 0. 0. 0. 0.]
 [0. 0. 1. 0. 0. 0.]
 [0. 0. 0. 1. 0. 0.]
 [0. 0. 0. 0. 1. 0.]
 [0. 0. 0. 0. 0. 1.]]
--------------
SimRank Matrix of Graph 1:(6, 6)
[[1. 0. 0. 0. 0. 0.]
 [0. 1. 0. 0. 0. 0.]
 [0. 0. 1. 0. 0. 0.]
 [0. 0. 0. 1. 0. 0.]
 [0. 0. 0. 0. 1. 0.]
 [0. 0. 0. 0. 0. 1.]]
-------------------------------------------------
>>Graph 2
1 [[1. 0. 0. 0. 0.]
 [0. 1. 0. 0. 0.]
 [0. 0. 1. 0. 0.]
 [0. 0. 0. 1. 0.]
 [0. 0. 0. 0. 1.]]
--------------
SimRank Matrix of Graph 2:(5, 5)
[[1. 0. 0. 0. 0.]
 [0. 1. 0. 0. 0.]
 [0. 0. 1. 0. 0.]
 [0. 0. 0. 1. 0.]
 [0. 0. 0. 0. 1.]]
-------------------------------------------------
>>Graph 3
1 [[1.  0.  0.2 0. ]
 [0.  1.  0.  0.2]
 [0.2 0.  1.  0. ]
 [0.  0.2 0.  1. ]]
--------------
2 [[1.   0.   0.24 0.  ]
 [0.   1.   0.   0.24]
 [0.24 0.   1.   0.  ]
 [0.   0.24 0.   1.  ]]
--------------
3 [[1.    0.    0.248 0.   ]
 [0.    1.    0.    0.248]
 [0.248 0.    1.    0.   ]
 [0.    0.248 0.    1.   ]]
--------------
4 [[1.     0.     0.2496 0.    ]
 [0.     1.     0.     0.2496]
 [0.2496 0.     1.     0.    ]
 [0.     0.2496 0.     1.    ]]
--------------
5 [[1.      0.      0.24992 0.     ]
 [0.      1.      0.      0.24992]
 [0.24992 0.      1.      0.     ]
 [0.      0.24992 0.      1.     ]]
--------------
6 [[1.       0.       0.249984 0.      ]
 [0.       1.       0.       0.249984]
 [0.249984 0.       1.       0.      ]
 [0.       0.249984 0.       1.      ]]
--------------
SimRank Matrix of Graph 3:(4, 4)
[[1.       0.       0.249984 0.      ]
 [0.       1.       0.       0.249984]
 [0.249984 0.       1.       0.      ]
 [0.       0.249984 0.       1.      ]]
-------------------------------------------------
>>Graph 4
1 [[1.         0.03333333 0.03333333 0.05       0.025      0.1
  0.        ]
 [0.03333333 1.         0.08888889 0.06666667 0.06666667 0.
  0.13333333]
 [0.03333333 0.08888889 1.         0.13333333 0.06666667 0.13333333
  0.13333333]
 [0.05       0.06666667 0.13333333 1.         0.05       0.2
  0.2       ]
 [0.025      0.06666667 0.06666667 0.05       1.         0.
  0.1       ]
 [0.1        0.         0.13333333 0.2        0.         1.
  0.        ]
 [0.         0.13333333 0.13333333 0.2        0.1        0.
  1.        ]]
--------------
2 [[1.         0.06435185 0.05916667 0.06625    0.05354167 0.11333333
  0.01916667]
 [0.06435185 1.         0.10703704 0.08166667 0.10111111 0.01888889
  0.14444444]
 [0.05916667 0.10703704 1.         0.14333333 0.0925     0.14333333
  0.14333333]
 [0.06625    0.08166667 0.14333333 1.         0.06625    0.205
  0.205     ]
 [0.05354167 0.10111111 0.0925     0.06625    1.         0.0175
  0.115     ]
 [0.11333333 0.01888889 0.14333333 0.205      0.0175     1.
  0.01      ]
 [0.01916667 0.14444444 0.14333333 0.205      0.115      0.01
  1.        ]]
--------------
3 [[1.         0.0709838  0.06659182 0.07507523 0.05947859 0.12111111
  0.02903935]
 [0.0709838  1.         0.11321296 0.08918056 0.10547222 0.02830556
  0.15005556]
 [0.06659182 0.11321296 1.         0.14930556 0.09757639 0.14930556
  0.14930556]
 [0.07507523 0.08918056 0.14930556 1.         0.07255208 0.21070833
  0.21070833]
 [0.05947859 0.10547222 0.09757639 0.07255208 1.         0.02522917
  0.119875  ]
 [0.12111111 0.02830556 0.14930556 0.21070833 0.02522917 1.
  0.02141667]
 [0.02903935 0.15005556 0.14930556 0.21070833 0.119875   0.02141667
  1.        ]]
--------------
4 [[1.         0.07333356 0.06893965 0.07732215 0.06208512 0.12282778
  0.03181653]
 [0.07333356 1.         0.11536244 0.09141827 0.1078742  0.03061427
  0.15222227]
 [0.06893965 0.11536244 1.         0.15110563 0.09996175 0.15093742
  0.15127384]
 [0.07732215 0.09141827 0.15110563 1.         0.07511803 0.21189572
  0.21189572]
 [0.06208512 0.1078742  0.09996175 0.07511803 1.         0.02771348
  0.12252257]
 [0.12282778 0.03061427 0.15093742 0.21189572 0.02771348 1.
  0.02379144]
 [0.03181653 0.15222227 0.15127384 0.21189572 0.12252257 0.02379144
  1.        ]]
--------------
5 [[1.         0.07409951 0.06974244 0.07813678 0.06289498 0.12355494
  0.03271861]
 [0.07409951 1.         0.11608242 0.09222845 0.10851122 0.03162199
  0.15283491]
 [0.06974244 0.11608242 1.         0.15177403 0.10068398 0.15162709
  0.15192097]
 [0.07813678 0.09222845 0.15177403 1.         0.07597028 0.21241702
  0.21241702]
 [0.06289498 0.10851122 0.10068398 0.07597028 1.         0.02874392
  0.12319665]
 [0.12355494 0.03162199 0.15162709 0.21241702 0.02874392 1.
  0.02483405]
 [0.03271861 0.15283491 0.15192097 0.21241702 0.12319665 0.02483405
  1.        ]]
--------------
6 [[1.         0.07436917 0.07002069 0.07841155 0.06318653 0.12379391
  0.03302919]
 [0.07436917 1.         0.11632619 0.09249523 0.10874819 0.0319399
  0.15305056]
 [0.07002069 0.11632619 1.         0.15199313 0.10093957 0.1518487
  0.15213757]
 [0.07841155 0.09249523 0.15199313 1.         0.07626081 0.212579
  0.212579  ]
 [0.06318653 0.10874819 0.10093957 0.07626081 1.         0.02908058
  0.12344103]
 [0.12379391 0.0319399  0.1518487  0.212579   0.02908058 1.
  0.02515799]
 [0.03302919 0.15305056 0.15213757 0.212579   0.12344103 0.02515799
  1.        ]]
--------------
7 [[1.         0.07446043 0.07011556 0.07850693 0.06328387 0.12387683
  0.03313703]
 [0.07446043 1.         0.11640995 0.09258794 0.10882681 0.03205159
  0.1531243 ]
 [0.07011556 0.11640995 1.         0.15206969 0.10102577 0.15192631
  0.15221308]
 [0.07850693 0.09258794 0.15206969 1.         0.07636018 0.21263731
  0.21263731]
 [0.06328387 0.10882681 0.10102577 0.07636018 1.         0.0291969
  0.12352346]
 [0.12387683 0.03205159 0.15192631 0.21263731 0.0291969  1.
  0.02527461]
 [0.03313703 0.1531243  0.15221308 0.21263731 0.12352346 0.02527461
  1.        ]]
--------------
8 [[1.         0.0744918  0.07014804 0.07853931 0.06331755 0.12390495
  0.03317367]
 [0.0744918  1.         0.11643862 0.09261949 0.10885423 0.03208931
  0.15314967]
 [0.07014804 0.11643862 1.         0.15209566 0.10105556 0.15195254
  0.15223877]
 [0.07853931 0.09261949 0.15209566 1.         0.07639426 0.21265677
  0.21265677]
 [0.06331755 0.10885423 0.10105556 0.07639426 1.         0.02923644
  0.12355208]
 [0.12390495 0.03208931 0.15195254 0.21265677 0.02923644 1.
  0.02531355]
 [0.03317367 0.15314967 0.15223877 0.21265677 0.12355208 0.02531355
  1.        ]]
--------------
SimRank Matrix of Graph 4:(7, 7)
[[1.         0.0744918  0.07014804 0.07853931 0.06331755 0.12390495
  0.03317367]
 [0.0744918  1.         0.11643862 0.09261949 0.10885423 0.03208931
  0.15314967]
 [0.07014804 0.11643862 1.         0.15209566 0.10105556 0.15195254
  0.15223877]
 [0.07853931 0.09261949 0.15209566 1.         0.07639426 0.21265677
  0.21265677]
 [0.06331755 0.10885423 0.10105556 0.07639426 1.         0.02923644
  0.12355208]
 [0.12390495 0.03208931 0.15195254 0.21265677 0.02923644 1.
  0.02531355]
 [0.03317367 0.15314967 0.15223877 0.21265677 0.12355208 0.02531355
  1.        ]]
-------------------------------------------------
